100000			0	0
221212.121212121        0       0
342424.242424242        0       0
463636.363636364        0       0
584848.484848485        0       0
706060.606060606        0       0
827272.727272727        0       0
948484.848484849        0       0
1069696.96969697        0       0
1190909.09090909        0       0
1312121.21212121        0       0
1433333.33333333        0       0
1554545.45454545        0       0
1675757.57575758        0       0
1796969.69696970        0       0
1918181.81818182        0       0
2039393.93939394        0       0
2160606.06060606        0       0
2281818.18181818        0       0
2403030.30303030        0       0
2524242.42424242        0       0
2645454.54545455        0       0
2766666.66666667        0       0
2887878.78787879        0       0
3009090.90909091        0       0
3130303.03030303        0       0
3251515.15151515        0       0
3372727.27272727        0       0
3493939.39393939        0       0
3615151.51515152        0       0
3736363.63636364        0       0
3857575.75757576        0       0
3978787.87878788        0       0
4100000                 0       0
4221212.12121212        0       0
4342424.24242424        0       0
4463636.36363636        0       0
4584848.48484848        0       0
4706060.60606061        0       0
4827272.72727273        0       0
4948484.84848485        0       0
5069696.96969697        0       0
5190909.09090909        0       0
5312121.21212121        0       0
5433333.33333333        0       0
5554545.45454545        0       0
5675757.57575758        0       0
5796969.69696970        0       0
5918181.81818182        0       0
6039393.93939394        0       0
6160606.06060606        0       0
6281818.18181818        0       0
6403030.30303030        0       0
6524242.42424242        0       0
6645454.54545455        0       0
6766666.66666667        0       0
6887878.78787879        0       0
7009090.90909091        0       0
7130303.03030303        0       0
7251515.15151515        0       0
7372727.27272727        0       0
7493939.39393939        0       0
7615151.51515152        0       0
7736363.63636364        0       0
7857575.75757576        0       0
7978787.87878788        0       0
8100000                 0       0
8221212.12121212        0       0
8342424.24242424        0       0
8463636.36363636        0       0
8584848.48484848        0       0
8706060.60606061        0       0
8827272.72727273        0       0
8948484.84848485        0       0
9069696.96969697        0       0
9190909.09090909        0       0
9312121.21212121        0       0
9433333.33333333        0       0
9554545.45454546        0       0
9675757.57575758        0       0
9796969.69696970        0       0
9918181.81818182        0       0
10039393.9393939        0       0
10160606.0606061        0       0
10281818.1818182        0       0
10403030.3030303        0       0
10524242.4242424        0       0
10645454.5454545        0       0
10766666.6666667        0       0
10887878.7878788        0       0
11009090.9090909        0       0
11130303.0303030        0       0
11251515.1515152        0       0
11372727.2727273        0       0
11493939.3939394        0       0
11615151.5151515        0       0
11736363.6363636        0       0
11857575.7575758        0       0
11978787.8787879        0       0
12100000                0       0
12221212.1212121        0       0
12342424.2424242        0       0
12463636.3636364        0       0
12584848.4848485        0       0
12706060.6060606        0       0
12827272.7272727        0       0
12948484.8484848        0       0
13069696.9696970        0       0
13190909.0909091        0       0
13312121.2121212        0       0
13433333.3333333        0       0
13554545.4545455        0       0
13675757.5757576        0       0
13796969.6969697        0       0
13918181.8181818        0       0
14039393.9393939        0       0
14160606.0606061        0       0
14281818.1818182        0       0
14403030.3030303        0       0
14524242.4242424        0       0
14645454.5454545        0       0
14766666.6666667        0       0
14887878.7878788        0       0
15009090.9090909        0       0
15130303.0303030        0       0
15251515.1515152        0       0
15372727.2727273        0       0
15493939.3939394        0       0
15615151.5151515        0       0
15736363.6363636        0       0
15857575.7575758        0       0
15978787.8787879        0       0
16100000                0       0
16221212.1212121        0       0
16342424.2424242        0       0
16463636.3636364        0       0
16584848.4848485        0       0
16706060.6060606        0       0
16827272.7272727        0       0
16948484.8484848        0       0
17069696.9696970        0       0
17190909.0909091        0       0
17312121.2121212        0       0
17433333.3333333        0       0
17554545.4545455        0       0
17675757.5757576        0       0
17796969.6969697        0       0
17918181.8181818        0       0
18039393.9393939        0       0
18160606.0606061        0       0
18281818.1818182        0       0
18403030.3030303        0       0
18524242.4242424        0       0
18645454.5454545        0       0
18766666.6666667        0       0
18887878.7878788        0       0
19009090.9090909        0       0
19130303.0303030        0       0
19251515.1515152        0       0
19372727.2727273        0       0
19493939.3939394        0       0
19615151.5151515        0       0
19736363.6363636        0       0
19857575.7575758        0       0
19978787.8787879        0       0
20100000                0       0
20221212.1212121        0       0
20342424.2424242        0       0
20463636.3636364        0       0
20584848.4848485        0       0
20706060.6060606        0       0
20827272.7272727        0       0
20948484.8484848        0       0
21069696.9696970        0       0
21190909.0909091        0       0
21312121.2121212        0       0
21433333.3333333        0       0
21554545.4545455        0       0
21675757.5757576        0       0
21796969.6969697        0       0
21918181.8181818        0       0
22039393.9393939        0       0
22160606.0606061        0       0
22281818.1818182        0       0
22403030.3030303        0       0
22524242.4242424        0       0
22645454.5454545        0       0
22766666.6666667        0       0
22887878.7878788        0       0
23009090.9090909        0       0
23130303.0303030        0       0
23251515.1515152        0       0
23372727.2727273        0       0
23493939.3939394        0       0
23615151.5151515        0       0
23736363.6363636        0       0
23857575.7575758        0       0
23978787.8787879        0       0
24100000                0       0
24221212.1212121        0       0
24342424.2424242        0       0
24463636.3636364        0       0
24584848.4848485        0       0
24706060.6060606        0       0
24827272.7272727        0       0
24948484.8484848        0       0
25069696.9696970        0       0
25190909.0909091        0       0
25312121.2121212        0       0
25433333.3333333        0       0
25554545.4545455        0       0
25675757.5757576        0       0
25796969.6969697        0       0
25918181.8181818        0       0
26039393.9393939        0       0
26160606.0606061        0       0
26281818.1818182        0       0
26403030.3030303        0       0
26524242.4242424        0       0
26645454.5454545        0       0
26766666.6666667        0       0
26887878.7878788        0       0
27009090.9090909        0       0
27130303.0303030        0       0
27251515.1515152        0       0
27372727.2727273        0       0
27493939.3939394        0       0
27615151.5151515        0       0
27736363.6363636        0       0
27857575.7575758        0       0
27978787.8787879        0       0
28100000                0       0
28221212.1212121        0       0
28342424.2424242        0       0
28463636.3636364        0       0
28584848.4848485        0       0
28706060.6060606        0       0
28827272.7272727        0       0
28948484.8484848        0       0
29069696.9696970        0       0
29190909.0909091        0       0
29312121.2121212        0       0
29433333.3333333        0       0
29554545.4545455        0       0
29675757.5757576        0       0
29796969.6969697        0       0
29918181.8181818        0       0
30039393.9393939        0       0
30160606.0606061        0       0
30281818.1818182        0       0
30403030.3030303        0       0
30524242.4242424        0       0
30645454.5454545        0       0
30766666.6666667        0       0
30887878.7878788        0       0
31009090.9090909        0       0
31130303.0303030        0       0
31251515.1515152        0       0
31372727.2727273        0       0
31493939.3939394        0       0
31615151.5151515        0       0
31736363.6363636        0       0
31857575.7575758        0       0
31978787.8787879        0       0
32100000                0       0
32221212.1212121        0       0
32342424.2424242        0       0
32463636.3636364        0       0
32584848.4848485        0       0
32706060.6060606        0       0
32827272.7272727        0       0
32948484.8484848        0       0
33069696.9696970        0       0
33190909.0909091        0       0
33312121.2121212        0       0
33433333.3333333        0       0
33554545.4545455        0       0
33675757.5757576        0       0
33796969.6969697        0       0
33918181.8181818        0       0
34039393.9393939        0       0
34160606.0606061        0       0
34281818.1818182        0       0
34403030.3030303        0       0
34524242.4242424        0       0
34645454.5454546        0       0
34766666.6666667        0       0
34887878.7878788        0       0
35009090.9090909        0       0
35130303.0303030        0       0
35251515.1515152        0       0
35372727.2727273        0       0
35493939.3939394        0       0
35615151.5151515        0       0
35736363.6363636        0       0
35857575.7575758        0       0
35978787.8787879        0       0
36100000                0       0
36221212.1212121        0       0
36342424.2424242        0       0
36463636.3636364        0       0
36584848.4848485        0       0
36706060.6060606        0       0
36827272.7272727        0       0
36948484.8484849        0       0
37069696.9696970        0       0
37190909.0909091        0       0
37312121.2121212        0       0
37433333.3333333        0       0
37554545.4545455        0       0
37675757.5757576        0       0
37796969.6969697        0       0
37918181.8181818        0       0
38039393.9393939        0       0
38160606.0606061        0       0
38281818.1818182        0       0
38403030.3030303        0       0
38524242.4242424        0       0
38645454.5454546        0       0
38766666.6666667        0       0
38887878.7878788        0       0
39009090.9090909        0       0
39130303.0303030        0       0
39251515.1515152        0       0
39372727.2727273        0       0
39493939.3939394        0       0
39615151.5151515        0       0
39736363.6363636        0       0
39857575.7575758        0       0
39978787.8787879        0       0
40100000                0       0
40221212.1212121        0       0
40342424.2424242        0       0
40463636.3636364        0       0
40584848.4848485        0       0
40706060.6060606        0       0
40827272.7272727        0       0
40948484.8484849        0       0
41069696.9696970        0       0
41190909.0909091        0       0
41312121.2121212        0       0
41433333.3333333        0       0
41554545.4545455        0       0
41675757.5757576        0       0
41796969.6969697        0       0
41918181.8181818        0       0
42039393.9393939        0       0
42160606.0606061        0       0
42281818.1818182        0       0
42403030.3030303        0       0
42524242.4242424        0       0
42645454.5454546        0       0
42766666.6666667        0       0
42887878.7878788        0       0
43009090.9090909        0       0
43130303.0303030        0       0
43251515.1515152        0       0
43372727.2727273        0       0
43493939.3939394        0       0
43615151.5151515        0       0
43736363.6363636        0       0
43857575.7575758        0       0
43978787.8787879        0       0
44100000                0       0
44221212.1212121        0       0
44342424.2424242        0       0
44463636.3636364        0       0
44584848.4848485        0       0
44706060.6060606        0       0
44827272.7272727        0       0
44948484.8484849        0       0
45069696.9696970        0       0
45190909.0909091        0       0
45312121.2121212        0       0
45433333.3333333        0       0
45554545.4545455        0       0
45675757.5757576        0       0
45796969.6969697        0       0
45918181.8181818        0       0
46039393.9393939        0       0
46160606.0606061        0       0
46281818.1818182        0       0
46403030.3030303        0       0
46524242.4242424        0       0
46645454.5454546        0       0
46766666.6666667        0       0
46887878.7878788        0       0
47009090.9090909        0       0
47130303.0303030        0       0
47251515.1515152        0       0
47372727.2727273        0       0
47493939.3939394        0       0
47615151.5151515        0       0
47736363.6363636        0       0
47857575.7575758        0       0
47978787.8787879        0       0
48100000                0       0
48221212.1212121        0       0
48342424.2424242        0       0
48463636.3636364        0       0
48584848.4848485        0       0
48706060.6060606        0       0
48827272.7272727        0       0
48948484.8484849        0       0
49069696.9696970        0       0
49190909.0909091        0       0
49312121.2121212        0       0
49433333.3333333        0       0
49554545.4545455        0       0
49675757.5757576        0       0
49796969.6969697        0       0
49918181.8181818        0       0
50039393.9393939        0       0
50160606.0606061        0       0
50281818.1818182        0       0
50403030.3030303        0       0
50524242.4242424        0       0
50645454.5454546        0       0
50766666.6666667        0       0
50887878.7878788        0       0
51009090.9090909        0       0
51130303.0303030        0       0
51251515.1515152        0       0
51372727.2727273        0       0
51493939.3939394        0       0
51615151.5151515        0       0
51736363.6363636        0       0
51857575.7575758        0       0
51978787.8787879        0       0
52100000                0       0
52221212.1212121        0       0
52342424.2424242        0       0
52463636.3636364        0       0
52584848.4848485        0       0
52706060.6060606        0       0
52827272.7272727        0       0
52948484.8484849        0       0
53069696.9696970        0       0
53190909.0909091        0       0
53312121.2121212        0       0
53433333.3333333        0       0
53554545.4545455        0       0
53675757.5757576        0       0
53796969.6969697        0       0
53918181.8181818        0       0
54039393.9393939        0       0
54160606.0606061        0       0
54281818.1818182        0       0
54403030.3030303        0       0
54524242.4242424        0       0
54645454.5454546        0       0
54766666.6666667        0       0
54887878.7878788        0       0
55009090.9090909        0       0
55130303.0303030        0       0
55251515.1515152        0       0
55372727.2727273        0       0
55493939.3939394        0       0
55615151.5151515        0       0
55736363.6363636        0       0
55857575.7575758        0       0
55978787.8787879        0       0
56100000                0       0
56221212.1212121        0       0
56342424.2424242        0       0
56463636.3636364        0       0
56584848.4848485        0       0
56706060.6060606        0       0
56827272.7272727        0       0
56948484.8484849        0       0
57069696.9696970        0       0
57190909.0909091        0       0
57312121.2121212        0       0
57433333.3333333        0       0
57554545.4545455        0       0
57675757.5757576        0       0
57796969.6969697        0       0
57918181.8181818        0       0
58039393.9393939        0       0
58160606.0606061        0       0
58281818.1818182        0       0
58403030.3030303        0       0
58524242.4242424        0       0
58645454.5454546        0       0
58766666.6666667        0       0
58887878.7878788        0       0
59009090.9090909        0       0
59130303.0303030        0       0
59251515.1515152        0       0
59372727.2727273        0       0
59493939.3939394        0       0
59615151.5151515        0       0
59736363.6363636        0       0
59857575.7575758        0       0
59978787.8787879        0       0
60100000                0       0
60221212.1212121        0       0
60342424.2424242        0       0
60463636.3636364        0       0
60584848.4848485        0       0
60706060.6060606        0       0
60827272.7272727        0       0
60948484.8484849        0       0
61069696.9696970        0       0
61190909.0909091        0       0
61312121.2121212        0       0
61433333.3333333        0       0
61554545.4545455        0       0
61675757.5757576        0       0
61796969.6969697        0       0
61918181.8181818        0       0
62039393.9393939        0       0
62160606.0606061        0       0
62281818.1818182        0       0
62403030.3030303        0       0
62524242.4242424        0       0
62645454.5454546        0       0
62766666.6666667        0       0
62887878.7878788        0       0
63009090.9090909        0       0
63130303.0303030        0       0
63251515.1515152        0       0
63372727.2727273        0       0
63493939.3939394        0       0
63615151.5151515        0       0
63736363.6363636        0       0
63857575.7575758        0       0
63978787.8787879        0       0
64100000                0       0
64221212.1212121        0       0
64342424.2424242        0       0
64463636.3636364        0       0
64584848.4848485        0       0
64706060.6060606        0       0
64827272.7272727        0       0
64948484.8484849        0       0
65069696.9696970        0       0
65190909.0909091        0       0
65312121.2121212        0       0
65433333.3333333        0       0
65554545.4545455        0       0
65675757.5757576        0       0
65796969.6969697        0       0
65918181.8181818        0       0
66039393.9393939        0       0
66160606.0606061        0       0
66281818.1818182        0       0
66403030.3030303        0       0
66524242.4242424        0       0
66645454.5454546        0       0
66766666.6666667        0       0
66887878.7878788        0       0
67009090.9090909        0       0
67130303.0303030        0       0
67251515.1515152        0       0
67372727.2727273        0       0
67493939.3939394        0       0
67615151.5151515        0       0
67736363.6363636        0       0
67857575.7575758        0       0
67978787.8787879        0       0
68100000                0       0
68221212.1212121        0       0
68342424.2424243        0       0
68463636.3636364        0       0
68584848.4848485        0       0
68706060.6060606        0       0
68827272.7272727        0       0
68948484.8484848        0       0
69069696.9696970        0       0
69190909.0909091        0       0
69312121.2121212        0       0
69433333.3333333        0       0
69554545.4545455        0       0
69675757.5757576        0       0
69796969.6969697        0       0
69918181.8181818        0       0
70039393.9393939        0       0
70160606.0606061        0       0
70281818.1818182        0       0
70403030.3030303        0       0
70524242.4242424        0       0
70645454.5454546        0       0
70766666.6666667        0       0
70887878.7878788        0       0
71009090.9090909        0       0
71130303.0303030        0       0
71251515.1515152        0       0
71372727.2727273        0       0
71493939.3939394        0       0
71615151.5151515        0       0
71736363.6363636        0       0
71857575.7575758        0       0
71978787.8787879        0       0
72100000                0       0
72221212.1212121        0       0
72342424.2424243        0       0
72463636.3636364        0       0
72584848.4848485        0       0
72706060.6060606        0       0
72827272.7272727        0       0
72948484.8484848        0       0
73069696.9696970        0       0
73190909.0909091        0       0
73312121.2121212        0       0
73433333.3333333        0       0
73554545.4545455        0       0
73675757.5757576        0       0
73796969.6969697        0       0
73918181.8181818        0       0
74039393.9393939        0       0
74160606.0606061        0       0
74281818.1818182        0       0
74403030.3030303        0       0
74524242.4242424        0       0
74645454.5454546        0       0
74766666.6666667        0       0
74887878.7878788        0       0
75009090.9090909        0       0
75130303.0303030        0       0
75251515.1515152        0       0
75372727.2727273        0       0
75493939.3939394        0       0
75615151.5151515        0       0
75736363.6363636        0       0
75857575.7575758        0       0
75978787.8787879        0       0
76100000                0       0
76221212.1212121        0       0
76342424.2424243        0       0
76463636.3636364        0       0
76584848.4848485        0       0
76706060.6060606        0       0
76827272.7272727        0       0
76948484.8484848        0       0
77069696.9696970        0       0
77190909.0909091        0       0
77312121.2121212        0       0
77433333.3333333        0       0
77554545.4545455        0       0
77675757.5757576        0       0
77796969.6969697        0       0
77918181.8181818        0       0
78039393.9393939        0       0
78160606.0606061        0       0
78281818.1818182        0       0
78403030.3030303        0       0
78524242.4242424        0       0
78645454.5454546        0       0
78766666.6666667        0       0
78887878.7878788        0       0
79009090.9090909        0       0
79130303.0303030        0       0
79251515.1515152        0       0
79372727.2727273        0       0
79493939.3939394        0       0
79615151.5151515        0       0
79736363.6363636        0       0
79857575.7575758        0       0
79978787.8787879        0       0
80100000                0       0
80221212.1212121        0       0
80342424.2424243        0       0
80463636.3636364        0       0
80584848.4848485        0       0
80706060.6060606        0       0
80827272.7272727        0       0
80948484.8484848        0       0
81069696.9696970        0       0
81190909.0909091        0       0
81312121.2121212        0       0
81433333.3333333        0       0
81554545.4545455        0       0
81675757.5757576        0       0
81796969.6969697        0       0
81918181.8181818        0       0
82039393.9393939        0       0
82160606.0606061        0       0
82281818.1818182        0       0
82403030.3030303        0       0
82524242.4242424        0       0
82645454.5454546        0       0
82766666.6666667        0       0
82887878.7878788        0       0
83009090.9090909        0       0
83130303.0303030        0       0
83251515.1515152        0       0
83372727.2727273        0       0
83493939.3939394        0       0
83615151.5151515        0       0
83736363.6363636        0       0
83857575.7575758        0       0
83978787.8787879        0       0
84100000                0       0
84221212.1212121        0       0
84342424.2424243        0       0
84463636.3636364        0       0
84584848.4848485        0       0
84706060.6060606        0       0
84827272.7272727        0       0
84948484.8484848        0       0
85069696.9696970        0       0
85190909.0909091        0       0
85312121.2121212        0       0
85433333.3333333        0       0
85554545.4545455        0       0
85675757.5757576        0       0
85796969.6969697        0       0
85918181.8181818        0       0
86039393.9393939        0       0
86160606.0606061        0       0
86281818.1818182        0       0
86403030.3030303        0       0
86524242.4242424        0       0
86645454.5454546        0       0
86766666.6666667        0       0
86887878.7878788        0       0
87009090.9090909        0       0
87130303.0303030        0       0
87251515.1515152        0       0
87372727.2727273        0       0
87493939.3939394        0       0
87615151.5151515        0       0
87736363.6363636        0       0
87857575.7575758        0       0
87978787.8787879        0       0
88100000                0       0
88221212.1212121        0       0
88342424.2424243        0       0
88463636.3636364        0       0
88584848.4848485        0       0
88706060.6060606        0       0
88827272.7272727        0       0
88948484.8484848        0       0
89069696.9696970        0       0
89190909.0909091        0       0
89312121.2121212        0       0
89433333.3333333        0       0
89554545.4545455        0       0
89675757.5757576        0       0
89796969.6969697        0       0
89918181.8181818        0       0
90039393.9393939        0       0
90160606.0606061        0       0
90281818.1818182        0       0
90403030.3030303        0       0
90524242.4242424        0       0
90645454.5454546        0       0
90766666.6666667        0       0
90887878.7878788        0       0
91009090.9090909        0       0
91130303.0303030        0       0
91251515.1515152        0       0
91372727.2727273        0       0
91493939.3939394        0       0
91615151.5151515        0       0
91736363.6363636        0       0
91857575.7575758        0       0
91978787.8787879        0       0
92100000                0       0
92221212.1212121        0       0
92342424.2424243        0       0
92463636.3636364        0       0
92584848.4848485        0       0
92706060.6060606        0       0
92827272.7272727        0       0
92948484.8484848        0       0
93069696.9696970        0       0
93190909.0909091        0       0
93312121.2121212        0       0
93433333.3333333        0       0
93554545.4545455        0       0
93675757.5757576        0       0
93796969.6969697        0       0
93918181.8181818        0       0
94039393.9393939        0       0
94160606.0606061        0       0
94281818.1818182        0       0
94403030.3030303        0       0
94524242.4242424        0       0
94645454.5454546        0       0
94766666.6666667        0       0
94887878.7878788        0       0
95009090.9090909        0       0
95130303.0303030        0       0
95251515.1515152        0       0
95372727.2727273        0       0
95493939.3939394        0       0
95615151.5151515        0       0
95736363.6363636        0       0
95857575.7575758        0       0
95978787.8787879        0       0
96100000                0       0
96221212.1212121        0       0
96342424.2424243        0       0
96463636.3636364        0       0
96584848.4848485        0       0
96706060.6060606        0       0
96827272.7272727        0       0
96948484.8484848        0       0
97069696.9696970        0       0
97190909.0909091        0       0
97312121.2121212        0       0
97433333.3333333        0       0
97554545.4545455        0       0
97675757.5757576        0       0
97796969.6969697        0       0
97918181.8181818        0       0
98039393.9393939        0       0
98160606.0606061        0       0
98281818.1818182        0       0
98403030.3030303        0       0
98524242.4242424        0       0
98645454.5454546        0       0
98766666.6666667        0       0
98887878.7878788        0       0
99009090.9090909        0       0
99130303.0303030        0       0
99251515.1515152        0       0
99372727.2727273        0       0
99493939.3939394        0       0
99615151.5151515        0       0
99736363.6363636        0       0
99857575.7575758        0       0
99978787.8787879        0       0
100100000               0       0
100221212.121212        0       0
100342424.242424        0       0
100463636.363636        0       0
100584848.484848        0       0
100706060.606061        0       0
100827272.727273        0       0
100948484.848485        0       0
101069696.969697        0       0
101190909.090909        0       0
101312121.212121        0       0
101433333.333333        0       0
101554545.454545        0       0
101675757.575758        0       0
101796969.696970        0       0
101918181.818182        0       0
102039393.939394        0       0
102160606.060606        0       0
102281818.181818        0       0
102403030.303030        0       0
102524242.424242        0       0
102645454.545455        0       0
102766666.666667        0       0
102887878.787879        0       0
103009090.909091        0       0
103130303.030303        0       0
103251515.151515        0       0
103372727.272727        0       0
103493939.393939        0       0
103615151.515152        0       0
103736363.636364        0       0
103857575.757576        0       0
103978787.878788        0       0
104100000               0       0
104221212.121212        0       0
104342424.242424        0       0
104463636.363636        0       0
104584848.484848        0       0
104706060.606061        0       0
104827272.727273        0       0
104948484.848485        0       0
105069696.969697        0       0
105190909.090909        0       0
105312121.212121        0       0
105433333.333333        0       0
105554545.454545        0       0
105675757.575758        0       0
105796969.696970        0       0
105918181.818182        0       0
106039393.939394        0       0
106160606.060606        0       0
106281818.181818        0       0
106403030.303030        0       0
106524242.424242        0       0
106645454.545455        0       0
106766666.666667        0       0
106887878.787879        0       0
107009090.909091        0       0
107130303.030303        0       0
107251515.151515        0       0
107372727.272727        0       0
107493939.393939        0       0
107615151.515152        0       0
107736363.636364        0       0
107857575.757576        0       0
107978787.878788        0       0
108100000               0       0
108221212.121212        0       0
108342424.242424        0       0
108463636.363636        0       0
108584848.484848        0       0
108706060.606061        0       0
108827272.727273        0       0
108948484.848485        0       0
109069696.969697        0       0
109190909.090909        0       0
109312121.212121        0       0
109433333.333333        0       0
109554545.454545        0       0
109675757.575758        0       0
109796969.696970        0       0
109918181.818182        0       0
110039393.939394        0       0
110160606.060606        0       0
110281818.181818        0       0
110403030.303030        0       0
110524242.424242        0       0
110645454.545455        0       0
110766666.666667        0       0
110887878.787879        0       0
111009090.909091        0       0
111130303.030303        0       0
111251515.151515        0       0
111372727.272727        0       0
111493939.393939        0       0
111615151.515152        0       0
111736363.636364        0       0
111857575.757576        0       0
111978787.878788        0       0
112100000               0       0
112221212.121212        0       0
112342424.242424        0       0
112463636.363636        0       0
112584848.484848        0       0
112706060.606061        0       0
112827272.727273        0       0
112948484.848485        0       0
113069696.969697        0       0
113190909.090909        0       0
113312121.212121        0       0
113433333.333333        0       0
113554545.454545        0       0
113675757.575758        0       0
113796969.696970        0       0
113918181.818182        0       0
114039393.939394        0       0
114160606.060606        0       0
114281818.181818        0       0
114403030.303030        0       0
114524242.424242        0       0
114645454.545455        0       0
114766666.666667        0       0
114887878.787879        0       0
115009090.909091        0       0
115130303.030303        0       0
115251515.151515        0       0
115372727.272727        0       0
115493939.393939        0       0
115615151.515152        0       0
115736363.636364        0       0
115857575.757576        0       0
115978787.878788        0       0
116100000               0       0
116221212.121212        0       0
116342424.242424        0       0
116463636.363636        0       0
116584848.484848        0       0
116706060.606061        0       0
116827272.727273        0       0
116948484.848485        0       0
117069696.969697        0       0
117190909.090909        0       0
117312121.212121        0       0
117433333.333333        0       0
117554545.454545        0       0
117675757.575758        0       0
117796969.696970        0       0
117918181.818182        0       0
118039393.939394        0       0
118160606.060606        0       0
118281818.181818        0       0
118403030.303030        0       0
118524242.424242        0       0
118645454.545455        0       0
118766666.666667        0       0
118887878.787879        0       0
119009090.909091        0       0
119130303.030303        0       0
119251515.151515        0       0
119372727.272727        0       0
119493939.393939        0       0
119615151.515152        0       0
119736363.636364        0       0
119857575.757576        0       0
119978787.878788        0       0
120100000               0       0
120221212.121212        0       0
120342424.242424        0       0
120463636.363636        0       0
120584848.484848        0       0
120706060.606061        0       0
120827272.727273        0       0
120948484.848485        0       0
121069696.969697        0       0
121190909.090909        0       0
121312121.212121        0       0
121433333.333333        0       0
121554545.454545        0       0
121675757.575758        0       0
121796969.696970        0       0
121918181.818182        0       0
122039393.939394        0       0
122160606.060606        0       0
122281818.181818        0       0
122403030.303030        0       0
122524242.424242        0       0
122645454.545455        0       0
122766666.666667        0       0
122887878.787879        0       0
123009090.909091        0       0
123130303.030303        0       0
123251515.151515        0       0
123372727.272727        0       0
123493939.393939        0       0
123615151.515152        0       0
123736363.636364        0       0
123857575.757576        0       0
123978787.878788        0       0
124100000               0       0
