0                	1.51345891942617e-08   0
244140.625000000    1.39431683972942e-08   -22.3242187500000
488281.250000000    1.05564310529861e-08   -44.6484375000000
732421.875000000    5.50747281119787e-09   -66.9726562500000
976562.500000000    -4.08954885007945e-10  -89.2968750000000
1220703.12500000    -6.26149685486578e-09  -111.621093750000
1464843.75000000    -1.11287700255318e-08  -133.945312500000
1708984.37500000    -1.42443761043434e-08  -156.269531250000
1953125       		-1.51175524472515e-08  -178.593750000000
2197265.62500000    -1.36104609782761e-08  159.082031250000
2441406.25000000    -9.95993473874527e-09  136.757812500000
2685546.87500000    -4.74028088301669e-09  114.433593750000
2929687.50000000    1.22703919817973e-09   92.1093750000000
3173828.12500000    7.00266061835706e-09   69.7851562500000
3417968.75000000    1.16771357887362e-08   47.4609375000000
3662109.37500000    1.45141100448614e-08   25.1367187500000
3906250       		1.50662916658893e-08   2.81250000000000
4150390.62500000    1.32459480681378e-08   -19.5117187500000
4394531.25000000    9.33885962318074e-09   -41.8359375000000
4638671.87500000    3.95947843173707e-09   -64.1601562500000
4882812.50000000    -2.04568378603345e-09  -86.4843750000000
5126953.12500000    -7.73120906127414e-09  -108.808593750000
5371093.75000000    -1.22015881908230e-08  -131.132812500000
5615234.37500000    -1.47522208432295e-08  -153.457031250000
5859375       		-1.49804569040765e-08  -175.781250000000
6103515.62500000    -1.28491408358396e-08  161.894531250000
6347656.25000000    -8.69268308376291e-09  139.570312500000
6591796.87500000    -3.16459969610309e-09  117.246093750000
6835937.50000000    2.86519048160123e-09   94.9218750000000
7080078.12500000    8.44721930465928e-09   72.5976562500000
7324218.75000000    1.27019381579338e-08   50.2734375000000
7568359.37500000    1.49582619173079e-08   27.9492187500000
7812500      		1.48594125661911e-08   5.62500000000000
8056640.62500000    1.24193227077197e-08   -16.6992187500000
8300781.25000000    8.02072041046626e-09   -39.0234375000000
8544921.87500000    2.35512875487048e-09   -61.3476562500000
8789062.50000000    -3.68579940543134e-09  -83.6718750000000
9033203.12500000    -9.15058337412393e-09  -105.996093750000
9277343.75000000    -1.31777122767007e-08  -128.320312500000
9521484.37500000    -1.51314484060687e-08  -150.644531250000
9765625.00000000    -1.47021703189756e-08  -172.968750000000
10009765.6250000    -1.19554349256958e-08  164.707031250000
10253906.2500000    -7.32201116539967e-09  142.382812500000
10498046.8750000    -1.53036261704075e-09  120.058593750000
10742187.5000000    4.50784710263518e-09   97.7343750000000
10986328.1250000    9.84120094381291e-09   75.4101562500000
11230468.7500000    1.36283926261615e-08   53.0859375000000
11474609.3750000    1.52709258112444e-08   30.7617187500000
11718750     		1.45076741233604e-08   8.43750000000000
11962890.6250000    1.14564128038657e-08   -13.8867187500000
12207031.2500000    6.59568164065629e-09   -36.2109375000000
12451171.8750000    6.89773793523512e-10   -58.5351562500000
12695312.5000000    -5.33138083322270e-09  -80.8593750000000
12939453.1250000    -1.05185947132923e-08  -103.183593750000
13183593.7500000    -1.40530159258963e-08  -125.507812500000
13427734.3750000    -1.53753644315596e-08  -147.832031250000
13671875      		-1.42744361201801e-08  -170.156250000000
13916015.6250000    -1.09208359509649e-08  167.519531250000
14160156.2500000    -5.84060263121085e-09  145.195312500000
14404296.8750000    1.67262599072057e-10   122.871093750000
14648437.5000000    6.15640733610452e-09   100.546875000000
14892578.1250000    1.11821291429114e-08   78.2226562500000
15136718.7500000    1.44503815000130e-08   55.8984375000000
15380859.3750000    1.54431778403255e-08   33.5742187500000
15625000      		1.40007078884759e-08   11.2500000000000
15869140.6250000    1.03470852035239e-08   -11.0742187500000
16113281.2500000    5.05556195947672e-09   -33.3984375000000
16357421.8750000    -1.04134251540452e-09  -55.7226562500000
16601562.5000000    -6.98276847700661e-09  -78.0468750000000
16845703.1250000    -1.18308939618749e-08  -100.371093750000
17089843.7500000    -1.48189253028594e-08  -122.695312500000
17333984.3750000    -1.54723651672650e-08  -145.019531250000
17578125.0000000    -1.36843747500486e-08  -167.343750000000
17822265.6250000    -9.73324160197840e-09  170.332031250000
18066406.2500000    -4.23914689955898e-09  148.007812500000
18310546.8750000    1.93313134099120e-09   125.683593750000
18554687.5000000    7.81027137032225e-09   103.359375000000
18798828.1250000    1.24638283488924e-08   81.0351562500000
19042968.7500000    1.51568921598693e-08   58.7109375000000
19287109.3750000    1.54607498153897e-08   36.3867187500000
19531250.0000000    1.33231752688512e-08   14.0625000000000
19775390.6250000    9.07735715838791e-09   -8.26171875000000
20019531.2500000    3.39005656356279e-09   -30.5859375000000
20263671.8750000    -2.84303698764995e-09  -52.9101562500000
20507812.5000000    -8.63830851517959e-09  -75.2343750000000
20751953.1250000    -1.30793711258405e-08  -97.5585937500000
20996093.7500000    -1.54619600738823e-08  -119.882812500000
21240234.3750000    -1.54055970620171e-08  -142.207031250000
21484375.0000000    -1.29143785533762e-08  -164.531250000000
21728515.6250000    -8.37713488551981e-09  173.144531250000
21972656.2500000    -2.50681939469528e-09  150.820312500000
22216796.8750000    3.77144229046259e-09   128.496093750000
22460937.5000000    9.46607370243074e-09   106.171875000000
22705078.1250000    1.36756176707793e-08   83.8476562500000
22949218.7500000    1.57313979616666e-08   61.5234375000000
23193359.3750000    1.53037457321833e-08   39.1992187500000
23437500    		1.24548967479100e-08   16.8750000000000
23681640.6250000    7.63005592487802e-09   -5.44921875000000
23925781.2500000    1.58790403669003e-09   -27.7734375000000
24169921.8750000    -4.71860473021171e-09  -50.0976562500000
24414062.5000000    -1.02924772800091e-08  -72.4218750000000
24658203.1250000    -1.42502459656419e-08  -94.7460937500000
24902343.7500000    -1.59619870100539e-08  -117.070312500000
25146484.3750000    -1.51515787419681e-08  -139.394531250000
25390625.0000000    -1.19412718481751e-08  -161.718750000000
25634765.6250000    -6.83337968740669e-09  175.957031250000
25878906.2500000    -6.31754067221230e-10  153.632812500000
26123046.8750000    5.68461012341492e-09   131.308593750000
26367187.5000000    1.11160746401922e-08   108.984375000000
26611328.1250000    1.48004844434655e-08   86.6601562500000
26855468.7500000    1.61500298720235e-08   64.3359375000000
27099609.3750000    1.49450332731445e-08   42.0117187500000
27343750     		1.13697429085956e-08   19.6875000000000
27587890.6250000    5.98427295479013e-09   -2.63671875000001
27832031.2500000    -3.63036504031037e-10  -24.9609375000000
28076171.8750000    -6.66916725598209e-09  -47.2851562500000
28320312.5000000    -1.19348407482918e-08  -69.6093750000000
28564453.1250000    -1.53228278710889e-08  -91.9335937500000
28808593.7500000    -1.62910512223691e-08  -114.257812500000
29052734.3750000    -1.46793591527157e-08  -136.582031250000
29296875.0000000    -1.07360196987871e-08  -158.906250000000
29541015.6250000    -5.07961228944915e-09  178.769531250000
29785156.2500000    1.39789295271302e-09   156.445312500000
30029296.8750000    7.67170137081191e-09   134.121093750000
30273437.5000000    1.27462393616824e-08   111.796875000000
30517578.1250000    1.58131092850692e-08   89.4726562500000
30761718.7500000    1.63798676799714e-08   67.1484375000000
31005859.3750000    1.43491386881224e-08   44.8242187500000
31250000      		1.00353046333685e-08   22.5000000000000
31494140.6250000    4.11600999469017e-09   0.175781249999999
31738281.2500000    -2.47421451871429e-09  -22.1484375000000
31982421.8750000    -8.69134556156546e-09  -44.4726562500000
32226562.5000000    -1.35472117039735e-08  -66.7968750000000
32470703.1250000    -1.62665206602289e-08  -89.1210937500000
32714843.7500000    -1.64106461506687e-08  -111.445312500000
32958984.3750000    -1.39484297903427e-08  -133.769531250000
33203125      		-9.26252347088756e-09  -156.093750000000
33447265.6250000    -3.09008418408075e-09  -178.417968750000
33691406.2500000    3.59306485308505e-09   159.257812500000
33935546.8750000    9.72660219647173e-09   136.933593750000
34179687.5000000    1.43338637410774e-08   114.609375000000
34423828.1250000    1.66773183437736e-08   92.2851562500000
34667968.7500000    1.63766757560632e-08   69.9609375000000
34912109.3750000    1.34706228669147e-08   47.6367187500000
35156250.0000000    8.41225471941092e-09   25.3125000000000
35400390.6250000    1.99857638882149e-09   2.98828125000000
35644531.2500000    -4.75493962484378e-09  -19.3359375000000
35888671.8750000    -1.07749958863786e-08  -41.6601562500000
36132812.5000000    -1.51009978376044e-08  -63.9843750000000
36376953.1250000    -1.70383037559976e-08  -86.3085937500000
36621093.7500000    -1.62697993736214e-08  -108.632812500000
36865234.3750000    -1.29078606640200e-08  -130.957031250000
37109375     		-7.47816953382902e-09  -153.281250000000
37353515.6250000    -8.37697769650704e-10  -175.605468750000
37597656.2500000    5.96039813538962e-09   162.070312500000
37841796.8750000    1.18337001386841e-08   139.746093750000
38085937.5000000    1.58427912844356e-08   117.421875000000
38330078.1250000    1.73415239575756e-08   95.0976562500000
38574218.7500000    1.60812038922084e-08   72.7734375000000
38818359.3750000    1.22518846012850e-08   50.4492187500000
39062500.0000000    6.45396407627807e-09   28.1250000000000
39306640.6250000    -3.95765778247285e-10  5.80078125000001
39550781.2500000    -7.20892448330237e-09  -16.5234375000000
39794921.8750000    -1.28983774676999e-08  -38.8476562500000
40039062.5000000    -1.65516288978914e-08  -61.1718750000000
40283203.1250000    -1.75771844102933e-08  -83.4960937500000
40527343.7500000    -1.58003792269486e-08  -105.820312500000
40771484.3750000    -1.14931353732787e-08  -128.144531250000
41015625       		-5.33259106419397e-09  -150.468750000000
41259765.6250000    1.70514504139642e-09   -172.792968750000
41503906.2500000    8.49948199598561e-09   164.882812500000
41748046.8750000    1.39636603559255e-08   142.558593750000
41992187.5000000    1.72185490619755e-08   120.234375000000
42236328.1250000    1.77340785245577e-08   97.9101562500000
42480468.7500000    1.54156482198592e-08   75.5859375000000
42724609.3750000    1.06213688645046e-08   53.2617187500000
42968750.0000000    4.10697617498777e-09   30.9375000000000
43212890.6250000    -3.09304756238652e-09  8.61328125000000
43457031.2500000    -9.82958659494277e-09  -13.7109375000000
43701171.8750000    -1.50221881752636e-08  -36.0351562500000
43945312.5000000    -1.78322847058329e-08  -58.3593750000000
44189453.1250000    -1.77986913941392e-08  -80.6835937500000
44433593.7500000    -1.49133464625811e-08  -103.007812500000
44677734.3750000    -9.62494955601873e-09  -125.332031250000
44921875      		-2.76947133818524e-09  -147.656250000000
45166015.6250000    4.56177615184655e-09   -169.980468750000
45410156.2500000    1.11956605859046e-08   167.695312500000
45654296.8750000    1.60648604703355e-08   145.371093750000
45898437.5000000    1.83795549702631e-08   123.046875000000
46142578.1250000    1.77556023135672e-08   100.722656250000
46386718.7500000    1.42783647668137e-08   78.3984375000000
46630859.3750000    8.49161308386624e-09   56.0742187500000
46875000     		1.31278333918324e-09   33.7500000000000
47119140.6250000    -6.11222860621167e-09  11.4257812500000
47363281.2500000    -1.25917753352242e-08  -10.8984375000000
47607421.8750000    -1.70796174734008e-08  -33.2226562500000
47851562.5000000    -1.88438507197985e-08  -55.5468750000000
48095703.1250000    -1.75863522715364e-08  -77.8710937500000
48339843.7500000    -1.34932334739491e-08  -100.195312500000
48583984.3750000    -7.20774221782740e-09  -122.519531250000
48828125     		2.70489997054119e-10   -144.843750000000
49072265.6250000    7.74415515061963e-09   -167.167968750000
49316406.2500000    1.40097841385765e-08   170.507812500000
49560546.8750000    1.80514483364213e-08   148.183593750000
49804687.5000000    1.92055149441635e-08   125.859375000000
50048828.1250000    1.72697008480099e-08   103.535156250000
50292968.7500000    1.25385560128230e-08   81.2109375000000
50537109.3750000    5.75906198974859e-09   58.8867187500000
50781250.0000000    -1.98691574155311e-09  36.5625000000000
51025390.6250000    -9.45501191236619e-09  14.2382812500000
51269531.2500000    -1.54380688608560e-08  -8.08593750000001
51513671.8750000    -1.89611958721488e-08  -30.4101562500000
51757812.5000000    -1.94406797404559e-08  -52.7343750000000
52001953.1250000    -1.67808032494124e-08  -75.0585937500000
52246093.7500000    -1.13925598756945e-08  -97.3828125000000
52490234.3750000    -4.13060412852638e-09  -119.707031250000
52734375     		3.84192112765222e-09   -142.031250000000
52978515.6250000    1.12393793358718e-08   -164.355468750000
53222656.2500000    1.68607970731706e-08   173.320312500000
53466796.8750000    1.97847825947121e-08   150.996093750000
53710937.5000000    1.95206552308757e-08   128.671875000000
53955078.1250000    1.60908973118842e-08   106.347656250000
54199218.7500000    1.00311811691263e-08   84.0234375000000
54443359.3750000    2.30717274997165e-09   61.6992187500000
54687500       		-5.83891120083337e-09  39.3750000000000
54931640.6250000    -1.30878022408932e-08  17.0507812500000
55175781.2500000    -1.82566524376108e-08  -5.27343750000000
55419921.8750000    -2.04920560855043e-08  -27.5976562500000
55664062.5000000    -1.94110691012017e-08  -49.9218750000000
55908203.1250000    -1.51669395142096e-08  -72.2460937500000
56152343.7500000    -8.42826642082833e-09  -94.5703125000000
56396484.3750000    -2.74198800499023e-10  -116.894531250000
56640625.0000000    7.97791584292032e-09   -139.218750000000
56884765.6250000    1.49850663635220e-08   -161.542968750000
57128906.2500000    1.95970029648857e-08   176.132812500000
57373046.8750000    2.10450891589575e-08   153.808593750000
57617187.5000000    1.90705881739956e-08   131.484375000000
57861328.1250000    1.39709063124976e-08   109.160156250000
58105468.7500000    6.55559261924708e-09   86.8359375000000
58349609.3750000    -1.98157240305972e-09  64.5117187500000
58593750.0000000    -1.02542947339257e-08  42.1875000000000
58837890.6250000    -1.69085747103236e-08  19.8632812500000
59082031.2500000    -2.08442091905781e-08  -2.46093750000000
59326171.8750000    -2.13967977600808e-08  -24.7851562500000
59570312.5000000    -1.84501090640672e-08  -47.1093750000000
59814453.1250000    -1.24598090498910e-08  -69.4335937500000
60058593.7500000    -4.38380759154338e-09  -91.7578125000000
60302734.3750000    4.47027111859288e-09   -114.082031250000
60546875      		1.26563177542127e-08   -136.406250000000
60791015.6250000    1.88256374260958e-08   -158.730468750000
61035156.2500000    2.19491133694799e-08   178.945312500000
61279296.8750000    2.14890327363377e-08   156.621093750000
61523437.5000000    1.74918857531690e-08   134.296875000000
61767578.1250000    1.05861130523705e-08   111.972656250000
62011718.7500000    1.88417243552504e-09   89.6484375000000
62255859.3750000    -7.19596295781368e-09  67.3242187500000
62500000      		-1.51613647371158e-08  45
62744140.6250000    -2.06893478423541e-08  22.6757812500000
62988281.2500000    -2.28471462734709e-08  0.351562499999999
63232421.8750000    -2.12495372409569e-08  -21.9726562500000
63476562.5000000    -1.61277847960121e-08  -44.2968750000000
63720703.1250000    -8.29757401214293e-09  -66.6210937500000
63964843.7500000    9.69955281593935e-10   -88.9453125000000
64208984.3750000    1.01538031209758e-08   -111.269531250000
64453125      		1.77322328017905e-08   -133.593750000000
64697265.6250000    2.24347216792264e-08   -155.917968750000
64941406.2500000    2.34551054987149e-08   -178.242187500000
65185546.8750000    2.05900886028492e-08   159.433593750000
65429687.5000000    1.42793715246871e-08   137.109375000000
65673828.1250000    5.53949619768680e-09   114.785156250000
65917968.7500000    -4.19884476172974e-09  92.4609375000000
66162109.3750000    -1.33242100126606e-08  70.1367187500000
66406250      		-2.03105831564572e-08  47.8125000000000
66650390.6250000    -2.39724836428376e-08  25.4882812500000
66894531.2500000    -2.36663617450507e-08  3.16406249999999
67138671.8750000    -1.94040883346557e-08  -19.1601562500000
67382812.5000000    -1.18584679414911e-08  -41.4843750000000
67626953.1250000    -2.25847228485582e-09  -63.8085937500000
67871093.7500000    7.80978149196969e-09   -86.1328125000000
68115234.3750000    1.66642632785565e-08   -108.457031250000
68359375      		2.28076386815009e-08   -130.781250000000
68603515.6250000    2.51805149128302e-08   -153.105468750000
68847656.2500000    2.33445357116978e-08   -175.429687500000
69091796.8750000    1.75636240019161e-08   162.246093750000
69335937.5000000    8.76834999397794e-09   139.921875000000
69580078.1250000    -1.59229751291874e-09  117.597656250000
69824218.7500000    -1.17883729065068e-08  95.2734375000000
70068359.3750000    -2.00970376601296e-08  72.9492187500000
70312500.0000000    -2.50933773913715e-08  50.6250000000000
70556640.6250000    -2.58950266739801e-08  28.3007812500000
70800781.2500000    -2.23185463139955e-08  5.97656250000000
71044921.8750000    -1.49198460297169e-08  -16.3476562500000
71289062.5000000    -4.90998226634755e-09  -38.6718750000000
71533203.1250000    6.04131871036207e-09   -60.9960937500000
71777343.7500000    1.60828606067928e-08   -83.3203125000000
72021484.3750000    2.34942109060329e-08   -105.644531250000
72265625      		2.69803646208250e-08   -127.968750000000
72509765.6250000    2.58985396417300e-08   -150.292968750000
72753906.2500000    2.03773001045814e-08   -172.617187500000
72998046.8750000    1.13058986444284e-08   165.058593750000
73242187.5000000    1.93482662887097e-10   142.734375000000
73486328.1250000    -1.10800522018593e-08  120.410156250000
73730468.7500000    -2.05807732483095e-08  98.0859375000000
73974609.3750000    -2.66519301977497e-08  75.7617187500000
74218750      		-2.82031049349369e-08  53.4375000000000
74462890.6250000    -2.49068745301484e-08  31.1132812500000
74707031.2500000    -1.72674260338482e-08  8.78906250000000
74951171.8750000    -6.54696671500003e-09  -13.5351562500000
75195312.5000000    5.44012225232130e-09   -35.8593750000000
75439453.1250000    1.66322803938621e-08   -58.1835937500000
75683593.7500000    2.50741418789574e-08   -80.5078125000000
75927734.3750000    2.92579305818517e-08   -102.832031250000
76171875.0000000    2.83934920144627e-08   -125.156250000000
76416015.6250000    2.25584834659633e-08   -147.480468750000
76660156.2500000    1.27001850106022e-08   -169.804687500000
76904296.8750000    4.85500306297349e-10   167.871093750000
77148437.5000000    -1.19778613252889e-08  145.546875000000
77392578.1250000    -2.25030076939111e-08  123.222656250000
77636718.7500000    -2.92067046408822e-08  100.898437500000
77880859.3750000    -3.08467247969893e-08  78.5742187500000
78125000.0000000    -2.70532832905699e-08  56.2500000000000
78369140.6250000    -1.84114395325764e-08  33.9257812500000
78613281.2500000    -6.37637525738491e-09  11.6015625000000
78857421.8750000    6.96730451615178e-09   -10.7226562500000
79101562.5000000    1.92634170224370e-08   -33.0468750000000
79345703.1250000    2.82983938973314e-08   -55.3710937500000
79589843.7500000    3.23995532356822e-08   -77.6953125000000
79833984.3750000    3.07460228634487e-08   -100.019531250000
80078125      		2.35344272185892e-08   -122.343750000000
80322265.6250000    1.19659557218857e-08   -144.667968750000
80566406.2500000    -1.94760975400750e-09  -166.992187500000
80810546.8750000    -1.57289206328924e-08  170.683593750000
81054687.5000000    -2.68729617683844e-08  148.359375000000
81298828.1250000    -3.33012757230445e-08  126.035156250000
81542968.7500000    -3.37505481768261e-08  103.710937500000
81787109.3750000    -2.80230784969333e-08  81.3867187500000
82031250      		-1.70493202329971e-08  59.0625000000000
82275390.6250000    -2.74548851408444e-09  36.7382812500000
82519531.2500000    1.23140065765925e-08   14.4140625000000
82763671.8750000    2.53548248165224e-08   -7.91015625000000
83007812.5000000    3.39113564003961e-08   -30.2343750000000
83251953.1250000    3.62932934495299e-08   -52.5585937500000
83496093.7500000    3.19222111415058e-08   -74.8828125000000
83740234.3750000    2.14710403145113e-08   -97.2070312500000
83984375     		6.77361355868296e-09   -119.531250000000
84228515.6250000    -9.48692150826923e-09  -141.855468750000
84472656.2500000    -2.42601589204761e-08  -164.179687500000
84716796.8750000    -3.46963287369416e-08  173.496093750000
84960937.5000000    -3.86956165529515e-08  151.171875000000
85205078.1250000    -3.53337356943184e-08  128.847656250000
85449218.7500000    -2.50776318524521e-08  106.523437500000
85693359.3750000    -9.74145092171037e-09  84.1992187500000
85937500.0000000    7.81948648358435e-09   61.8750000000000
86181640.6250000    2.42286137727184e-08   39.5507812500000
86425781.2500000    3.62302650065791e-08   17.2265625000000
86669921.8750000    4.13341146782988e-08   -5.09765625000001
86914062.5000000    3.83356946558522e-08   -27.4218750000000
87158203.1250000    2.76045217142806e-08   -49.7460937500000
87402343.7500000    1.10716172153860e-08   -72.0703125000000
87646484.3750000    -8.09592060243928e-09  -94.3945312500000
87890625      		-2.60841062182228e-08  -116.718750000000
88134765.6250000    -3.91800127064847e-08  -139.042968750000
88378906.2500000    -4.45354950002511e-08  -161.367187500000
88623046.8750000    -4.07918725736643e-08  176.308593750000
88867187.5000000    -2.84294364493847e-08  153.984375000000
89111328.1250000    -9.75350501505582e-09  131.660156250000
89355468.7500000    1.15021566415087e-08   109.335937500000
89599609.3750000    3.08952737535725e-08   87.0117187500000
89843750     		4.41873397711211e-08   64.6875000000000
90087890.6250000    4.82669521691768e-08   42.3632812500000
90332031.2500000    4.18870021853238e-08   20.0390625000000
90576171.8750000    2.60429862525132e-08   -2.28515624999999
90820312.5000000    3.88343156775901e-09   -24.6093750000000
91064453.1250000    -1.98637514161943e-08  -46.9335937500000
91308593.7500000    -3.98597922132652e-08  -69.2578125000000
91552734.3750000    -5.13336121600170e-08  -91.5820312500000
91796875      		-5.12208099539510e-08  -113.906250000000
92041015.6250000    -3.89981048653579e-08  -136.230468750000
92285156.2500000    -1.69911433211534e-08  -158.554687500000
92529296.8750000    9.96787499967490e-09   179.121093750000
92773437.5000000    3.55170734877760e-08   156.796875000000
93017578.1250000    5.32076067690052e-08   134.472656250000
93261718.7500000    5.81105696629178e-08   112.148437500000
93505859.3750000    4.82074145917225e-08   89.8242187500000
93750000      		2.51860308659229e-08   67.5000000000000
93994140.6250000    -5.63880167946175e-09  45.1757812500000
94238281.2500000    -3.63784610747258e-08  22.8515625000000
94482421.8750000    -5.84553364098462e-08  0.527343749999998
94726562.5000000    -6.49317992586448e-08  -21.7968750000000
94970703.1250000    -5.27056447513890e-08  -44.1210937500000
95214843.7500000    -2.39225102647281e-08  -66.4453125000000
95458984.3750000    1.39511240988805e-08   -88.7695312500000
95703125      		4.96777130997620e-08   -111.093750000000
95947265.6250000    7.12804592071198e-08   -133.417968750000
96191406.2500000    6.99201808225112e-08   -155.742187500000
96435546.8750000    4.35367504631315e-08   -178.066406250000
96679687.5000000    -1.06376795064194e-09  159.609375000000
96923828.1250000    -4.88779686458402e-08  137.285156250000
97167968.7500000    -8.07540804093339e-08  114.960937500000
97412109.3750000    -8.03990314264222e-08  92.6367187500000
97656250      		-4.25438173999118e-08  70.3125000000000
97900390.6250000    2.09138499770413e-08   47.9882812500000
98144531.2500000    8.08154726018102e-08   25.6640625000000
98388671.8750000    1.00281980664440e-07   3.33984375000001
98632812.5000000    5.48366509340866e-08   -18.9843750000000
98876953.1250000    -4.17674826762128e-08  -41.3085937500000
99121093.7500000    -1.20850523778401e-07  -63.6328125000000
99365234.3750000    -8.08861527717270e-08  -85.9570312500000
99609375     		1.02005297472716e-07   -108.281250000000
99853515.6250000    1.00632409547112e-07   -130.605468750000
100097656.250000    -1.30286888833570e-06  -152.929687500000
100341796.875000    -7.15668285121120e-06  -175.253906250000
100585937.500000    -2.38425103368080e-05  162.421875000000
100830078.125000    -6.33307076747700e-05  140.097656250000
101074218.750000    -0.000146391484999665  117.773437500000
101318359.375000    -0.000306968093515736  95.4492187500000
101562500.000000    -0.000597901263304351  73.1250000000000
101806640.625000    -0.00109815523539560   50.8007812500000
102050781.250000    -0.00192163229815804   28.4765625000000
102294921.875000    -0.00322757474168425   6.15234375000000
102539062.500000    -0.00523244337082991   -16.1718750000000
102783203.125000    -0.00822303617243391   -38.4960937500000
103027343.750000    -0.0125704786567356    -60.8203125000000
103271484.375000    -0.0187445907953029    -83.1445312500000
103515625     		-0.0273280281117701    -105.468750000000
103759765.625000    -0.0390295203061400    -127.792968750000
104003906.250000    -0.0546955020627815    -150.117187500000
104248046.875000    -0.0753194559573386    -172.441406250000
104492187.500000    -0.102048369758806     165.234375000000
104736328.125000    -0.136185846539735     142.910156250000
104980468.750000    -0.179191585865575     120.585937500000
105224609.375000    -0.232677162302490     98.2617187500000
105468750      		-0.298398244257111     75.9375000000000
105712890.625000    -0.378243601391059     53.6132812500000
105957031.250000    -0.474221423938668     31.2890625000000
106201171.875000    -0.588443607797554     8.96484375000000
106445312.500000    -0.723108736707621     -13.3593750000000
106689453.125000    -0.880484515102711     -35.6835937500000
106933593.750000    -1.06289037626639      -58.0078125000000
107177734.375000    -1.27268091897837      -80.3320312500000
107421875.000000    -1.51223072363195      -102.656250000000
107666015.625000    -1.78392097868602      -124.980468750000
107910156.250000    -2.09012822257597      -147.304687500000
108154296.875000    -2.43321538532404      -169.628906250000
108398437.500000    -2.81552520599676      168.046875000000
108642578.125000    -3.23937601201373      145.722656250000
108886718.750000    -3.70705977666541      123.398437500000
109130859.375000    -4.22084232241426      101.074218750000
109375000      		-4.78296550838031      78.7500000000000
109619140.625000    -5.39565122855417      56.4257812500000
109863281.250000    -6.06110704992589      34.1015625000000
110107421.875000    -6.78153333395556      11.7773437500000
110351562.500000    -7.55913170793855      -10.5468750000000
110595703.125000    -8.39611478253997      -32.8710937500000
110839843.750000    -9.29471704630856      -55.1953125000001
111083984.375000    -10.2572069061152      -77.5195312500000
111328125    		-11.2858998835423      -99.8437500000000
111572265.625000    -12.3831730211805      -122.167968750000
111816406.250000    -13.5514806000033      -144.492187500000
112060546.875000    -14.7933713204674      -166.816406250000
112304687.500000    -16.1115071572496      170.859375000000
112548828.125000    -17.5086841627705      148.535156250000
112792968.750000    -18.9878555707623      126.210937500000
113037109.375000    -20.5521576420251      103.886718750000
113281250.000000    -22.2049388052889      81.5624999999999
113525390.625000    -23.9497927836212      59.2382812500001
113769531.250000    -25.7905965702923      36.9140624999999
114013671.875000    -27.7315543399690      14.5898437500001
114257812.500000    -29.7772486688524      -7.73437499999988
114501953.125000    -31.9327008150734      -30.0585937500001
114746093.750000    -34.2034423125872      -52.3828125000007
114990234.375000    -36.5956008072747      -74.7070312500000
115234375      		-39.1160039850275      -97.0312500000004
115478515.625000    -41.7723067153389      -119.355468750000
115722656.250000    -44.5731483223665      -141.679687500002
115966796.875000    -47.5283494485347      -164.003906250000
116210937.500000    -50.6491616875854      173.671874999999
116455078.125000    -53.9485886707212      151.347656249998
116699218.750000    -57.4418056454471      129.023437499993
116943359.375000    -61.1467175917178      106.699218749997
117187500.000000    -65.0847167499758      84.3750000000139
117431640.625000    -69.2817349107392      62.0507812500005
117675781.250000    -73.7697450738894      39.7265624999604
117919921.875000    -78.5889735437295      17.4023437499778
118164062.500000    -83.7912850503796      -4.92187500000695
118408203.125000    -89.4456098103664      -27.2460937500374
118652343.750000    -95.6471669052363      -49.5703125005754
118896484.375000    -102.534367943201      -71.8945312501478
119140625.000000    -110.323118305885      -94.2187500017159
119384765.625000    -119.387398793301      -116.542968751450
119628906.250000    -130.498306970214      -138.867187542378
119873046.875000    -145.946649015386      -161.191406330551
120117187.500000    -173.142897791442      -3.51562747398733
120361328.125000    -175.155105972040      -25.8398469647465
120605468.750000    -170.925269308524      131.835934789406
120849609.375000    -173.100001958714      109.511721427731
121093750     		-182.365145128539      -92.8125020491523
121337890.625000    -171.959778632127      -115.136720581205
121582031.250000    -174.016447494391      -137.460935054890
121826171.875000    -201.026759257519      -159.785238609190
122070312.500000    -175.572807680189      -2.10938068205939
122314453.125000    -173.001641595430      -24.4335924278067
122558593.750000    -176.541644365114      -46.7578154671371
122802734.375000    -223.988391637098      110.917137399977
123046875.000000    -177.072687442649      88.5937462643717
123291015.625000    -173.875570988950      66.2695344999541
123535156.250000    -175.651478213014      43.9453185865642
123779296.875000    -185.610979638942      21.6210860155591
124023437.500000    -181.926077529402      179.296877006692
124267578.125000    -175.230302424342      156.972647063362
124511718.750000    -174.525699097717      134.648431940824
124755859.375000    -178.425272316542      112.324212905745
